Jervis Muindi
Numerical Algorithms and Complexity
Homework 1
February 2013

Introduction
============
This is a Java package that implements Matrix multiplication through both the Strassen and naive algorithms. 

For information on the Strassen Algorithm please see this online article: http://en.wikipedia.org/wiki/Strassen_algorithm

How to Compile
==============

$ javac Main.java


How to Run
=============
java Main [file]

where file is a file contain a Matrix specified in the format :

row/cols
[Matrix-Data]

row/cols is a number representing the size of the matrix. 

Example Run
===========
You can do a sample run on the given file1.txt, file2.txt and file3.txt files. You will get the following output:

Matrix A: 
0.22233246964857212, 0.36738135130486793, 
0.07327389799637435, 0.441073327740256, 

Matrix B: 
0.38083690214349214, 0.4774124665561394, 
0.49943309648914597, 0.471702796484223, 

Matrix AxB(Classical):
0.2681548148614311, 0.2794391035171018, 
0.24819202217300543, 0.24303739452631298, 

Matrix AxB(Strassen): 
0.2681548148614311, 0.2794391035171018, 
0.24819202217300543, 0.24303739452631293, 

Error Matrix: 
0.0, 0.0, 
0.0, 5.551115123125783E-17, 

2-norm of Error Matrix is 5.551115123125783E-17
Avg size of an element is 5.551115123125783E-17

 ----------- 



Matrix A: 
0.4768389517068251, 0.4853562632424357, 0.4986971277166893, 0.49427913414196845, 
0.4357085494309797, 0.46749453129557367, 0.47162136110771186, 0.2634985215558926, 
0.4046451394954589, 0.12946973040878765, 0.11588013095064989, 0.26442145196952505, 
0.47028760609359466, 0.4995225887483295, 0.47559093456367296, 0.4692267005474661, 

Matrix B: 
0.4894839073361425, 0.49349126768396784, 0.21402786609155253, 0.49886526965102107, 
0.4982861830927931, 0.054447339469681756, 0.13889195983120792, 0.48981427431518015, 
0.004449717351724609, 0.4968268000840854, 0.10549633814763908, 0.49998732252757155, 
0.49178919168326063, 0.49972477099925605, 0.44375543724514854, 0.34217174120823923, 

Matrix AxB(Classical):
0.720551510210818, 0.7565118412808056, 0.441418680032417, 0.8940834116992727, 
0.5779026955309361, 0.6064630678787132, 0.3248682309701268, 0.7723118071076279, 
0.39313550771348144, 0.39644842940068326, 0.23415102684092243, 0.4136956737147225, 
0.7119802841307822, 0.7300510305156294, 0.4284293258339508, 0.8776290028778174, 

Matrix AxB(Strassen): 
0.7205515102108179, 0.7565118412808055, 0.4414186800324169, 0.8940834116992729, 
0.5779026955309362, 0.6064630678787131, 0.3248682309701268, 0.7723118071076281, 
0.39313550771348144, 0.39644842940068326, 0.2341510268409226, 0.4136956737147226, 
0.7119802841307821, 0.7300510305156293, 0.4284293258339509, 0.8776290028778178, 

Error Matrix: 
1.1102230246251565E-16, 1.1102230246251565E-16, 1.1102230246251565E-16, -1.1102230246251565E-16, 
-1.1102230246251565E-16, 1.1102230246251565E-16, 0.0, -2.220446049250313E-16, 
0.0, 0.0, -1.6653345369377348E-16, -1.1102230246251565E-16, 
1.1102230246251565E-16, 1.1102230246251565E-16, -5.551115123125783E-17, -3.3306690738754696E-16, 

2-norm of Error Matrix is 5.495323605393213E-16
Avg size of an element is 5.495323605393213E-16

 ----------- 



Matrix A: 
0.1385514481738995, 0.24884884386194997, 0.4339187270841517, 0.1849363204806964, 0.19991072406677837, 0.32734269359536483, 0.4225194784594591, 0.48621961033390515, 
0.4157409265184903, 0.433427056761976, 0.4990295332635596, 0.3517094994857619, 0.49755955324339624, 0.008845579735206048, 0.20720560205012378, 0.07136306464693229, 
0.4719333207475073, 0.3971180443252752, 0.4992528519541551, 0.3521028727267505, 0.49007341507576035, 0.4994810625865782, 0.21629071326026947, 0.499608426271167, 
0.049647969444115855, 0.4785662744718131, 0.4999932636573214, 0.4995331055434951, 0.49219686188468853, 0.4682701820402652, 0.4912109857311038, 0.22477555979144678, 
0.1253712150581245, 0.48359329442471716, 0.4844531465262019, 0.24968017728304606, 0.1612070944343907, 0.08762113228405362, 0.4995776168256716, 0.34187081962977317, 
0.27285834060898567, 0.4130466593584034, 0.2159417341679488, 0.46374213041301127, 0.4928116645196582, 0.49852127341138724, 0.4592719695036158, 0.4304867413900156, 
0.49804047877348306, 0.12536987674146052, 0.4995388436094129, 0.20992504981506865, 0.4998891736943266, 0.061596756758303006, 0.4992311621624615, 0.1896794161422693, 
0.41818801561799224, 0.35243002323030087, 0.3304448289916115, 0.41518320277985776, 0.017636388639300102, 0.2920005846091821, 0.3461176013491798, 0.0971901609524727, 

Matrix B: 
0.4731443191714555, 0.48133242345570826, 0.3827360649901277, 0.26503360813320453, 0.4998487862310797, 0.4998783236024486, 0.49378257997987307, 0.4910420360007665, 
0.4148543267009063, 0.1896769472330278, 0.006404974114814097, 0.4208247043900917, 0.4115242020887416, 0.25705114169464477, 0.499800664995285, 0.4467273890704899, 
0.49287722243416643, 0.2745544936496094, 0.35678121963358067, 0.49943933262993223, 0.3994362639709158, 0.1351593160575668, 0.11349893490488988, 0.4989098109763938, 
0.47709710984093234, 0.45271801117474, 0.3663262721900005, 0.16979532165394362, 0.47629392231757267, 0.4683211792462943, 0.4917500671199764, 0.49996255607877055, 
0.4995193200887876, 0.27658444078715916, 0.20721278812413596, 0.3290189209391887, 0.4950611854280971, 0.49968303879450643, 0.08996430838570686, 0.4990116038740123, 
0.4240403550306635, 0.47694713893193125, 0.3838481821331885, 0.24095124127901238, 0.462600064764379, 0.49691391439939564, 0.4999888742220159, 0.3564560970093384, 
0.31905285972848124, 0.4398511054626834, 0.2471267316805365, 0.15963572837605447, 0.16439936512142353, 0.49784938592588696, 0.49980709333979595, 0.49528983569219887, 
0.4972697504628094, 0.3746229786645723, 0.3895475574860513, 0.4418914761605554, 0.4990414371570515, 0.1283044958282142, 0.33426165902344646, 0.15410602188765174, 

Matrix AxB(Classical):
1.0861462243279782, 0.8961605883229833, 0.7380790677927598, 0.8165134779773332, 0.9955714742043105, 0.813771861312484, 0.8883362114467228, 0.9887897680687954, 
1.1441621491583518, 0.8382666963090175, 0.65428134343675, 0.8319857434052761, 1.07311289438498, 0.9167252401113218, 0.8281073075946288, 1.1876476770098956, 
1.5761459248087903, 1.2550296249140276, 1.0316248429556034, 1.1382216449049452, 1.5250027968744642, 1.2352274597681405, 1.2302512577360059, 1.4409776538989707, 
1.4197106885268158, 1.1378331010340514, 0.8741338578145121, 1.0015991671350228, 1.3126145759654126, 1.2013758268411627, 1.1651518036703692, 1.4278280779021142, 
1.064911699693311, 0.8323056864064587, 0.639060991380285, 0.8260579155875357, 0.9471851651037417, 0.7860580158245837, 0.9036507521976948, 1.0559234392301107, 
1.4463005149299288, 1.2162670267422888, 0.9286699649171184, 0.9785362273561733, 1.3784217675552957, 1.2667903234933475, 1.2607612223291542, 1.375526345490841, 
1.1634479879939936, 0.9539759023262246, 0.7710379339453708, 0.812717503350428, 1.0527591871862307, 1.000288861157029, 0.8572031535745593, 1.2026463613060605, 
0.9964111255393768, 0.8796179997272502, 0.671435445014916, 0.6690392972871546, 0.9330191525346005, 0.8774335759109646, 0.9773728870148587, 1.0345185314701197, 

Matrix AxB(Strassen): 
1.0861462243279791, 0.8961605883229837, 0.7380790677927603, 0.8165134779773332, 0.9955714742043112, 0.8137718613124838, 0.8883362114467225, 0.9887897680687956, 
1.1441621491583507, 0.8382666963090197, 0.6542813434367505, 0.8319857434052758, 1.0731128943849806, 0.9167252401113218, 0.8281073075946287, 1.1876476770098958, 
1.5761459248087897, 1.2550296249140271, 1.0316248429556054, 1.1382216449049458, 1.5250027968744637, 1.2352274597681405, 1.2302512577360063, 1.4409776538989705, 
1.4197106885268163, 1.137833101034051, 0.8741338578145117, 1.0015991671350246, 1.3126145759654122, 1.2013758268411627, 1.1651518036703699, 1.4278280779021146, 
1.0649116996933112, 0.8323056864064583, 0.639060991380285, 0.8260579155875358, 0.9471851651037432, 0.786058015824584, 0.9036507521976952, 1.0559234392301107, 
1.4463005149299286, 1.216267026742289, 0.9286699649171185, 0.978536227356173, 1.3784217675552952, 1.2667903234933493, 1.2607612223291542, 1.3755263454908415, 
1.1634479879939938, 0.9539759023262249, 0.7710379339453706, 0.812717503350428, 1.0527591871862296, 1.0002888611570286, 0.8572031535745623, 1.2026463613060612, 
0.996411125539377, 0.8796179997272502, 0.671435445014916, 0.6690392972871545, 0.9330191525346005, 0.8774335759109645, 0.9773728870148589, 1.0345185314701215, 

Error Matrix: 
-8.881784197001252E-16, -4.440892098500626E-16, -5.551115123125783E-16, 0.0, -7.771561172376096E-16, 2.220446049250313E-16, 3.3306690738754696E-16, -2.220446049250313E-16, 
1.1102230246251565E-15, -2.220446049250313E-15, -4.440892098500626E-16, 3.3306690738754696E-16, -6.661338147750939E-16, 0.0, 1.1102230246251565E-16, -2.220446049250313E-16, 
6.661338147750939E-16, 4.440892098500626E-16, -1.9984014443252818E-15, -6.661338147750939E-16, 4.440892098500626E-16, 0.0, -4.440892098500626E-16, 2.220446049250313E-16, 
-4.440892098500626E-16, 4.440892098500626E-16, 4.440892098500626E-16, -1.7763568394002505E-15, 4.440892098500626E-16, 0.0, -6.661338147750939E-16, -4.440892098500626E-16, 
-2.220446049250313E-16, 4.440892098500626E-16, 0.0, -1.1102230246251565E-16, -1.4432899320127035E-15, -3.3306690738754696E-16, -4.440892098500626E-16, 0.0, 
2.220446049250313E-16, -2.220446049250313E-16, -1.1102230246251565E-16, 3.3306690738754696E-16, 4.440892098500626E-16, -1.7763568394002505E-15, 0.0, -4.440892098500626E-16, 
-2.220446049250313E-16, -2.220446049250313E-16, 2.220446049250313E-16, 0.0, 1.1102230246251565E-15, 4.440892098500626E-16, -2.9976021664879227E-15, -6.661338147750939E-16, 
-2.220446049250313E-16, 0.0, 0.0, 1.1102230246251565E-16, 0.0, 1.1102230246251565E-16, -2.220446049250313E-16, -1.7763568394002505E-15, 

2-norm of Error Matrix is 6.316573871323084E-15
Avg size of an element is 6.316573871323084E-15

 ----------- 

Error Checking
==============
A resonable attempt has been made to check and validate all inputs. Where appropriate, inputs are checked for validity and an appropriate exception is thrown.


Unit Tests
==========
A TDD methodology was followed in writing the package. You can use Eclipse's JUnit version 4 to execute and run the tests. 


Results Discussion
=================
From the experiments I conducted using the sample inputs file{1,2,3}.txt matrices, I observed that the numerical error resulting from floating point computations are higher when using Strassen's algorithm than the traditional naive algorithm of Matrix multiplication. This can be seen from the values of "2-norm of the Error Matrix" which I compute and print out in addition to the error matrice.
